image: map04.pgm
resolution: 0.030000
origin: [-7.846098, -10.466974, 0.000000]
negate: 0
occupied_thresh: 0.65
free_thresh: 0.196

