image: map03.pgm
resolution: 0.030000
origin: [-7.846111, -10.448932, 0.000000]
negate: 0
occupied_thresh: 0.65
free_thresh: 0.196

