image: map05.pgm
resolution: 0.030000
origin: [-7.911098, -10.452989, 0.000000]
negate: 0
occupied_thresh: 0.65
free_thresh: 0.196

